00000000000000010100000000000000
00000000000000020280980000000000
00000000000000030281980000000000
00000000000000040282980000000000
00000000000000050283980000000000
00000000000000060284980000000000
00000000000000070285980000000000
00000000000000080286980000000000
00000000000000090287980000000000
000000000000000a0288980000000000
000000000000000b0289980000000000
000000000000000c0214000000000000
000000000000000d0214080000000000
000000000000000e0214100000000000
000000000000000f0214180000000000
00000000000000100300000000000004
00000000000000110204000000000000
00000000000000120204080000000000
00000000000000130204100000000000
00000000000000140204180000000000
00000000000000150214080000000000
00000000000000160214100000000000
00000000000000170214180000000000
00000000000000180214200000000000
00000000000000190300000000000004
000000000000001a0204080000000000
000000000000001b0204100000000000
000000000000001c0204180000000000
000000000000001d0204200000000000
000000000000001e0214100000000000
000000000000001f0214180000000000
00000000000000200214200000000000
00000000000000210214280000000000
00000000000000220300000000000004
00000000000000230204100000000000
00000000000000240204180000000000
00000000000000250204200000000000
00000000000000260204280000000000
00000000000000270214180000000000
00000000000000280214200000000000
00000000000000290214280000000000
000000000000002a0214300000000000
000000000000002b0300000000000004
000000000000002c0204180000000000
000000000000002d0204200000000000
000000000000002e0204280000000000
000000000000002f0204300000000000
00000000000000300214200000000000
00000000000000310214280000000000
00000000000000320214300000000000
00000000000000330214380000000000
00000000000000340300000000000004
00000000000000350204200000000000
00000000000000360204280000000000
00000000000000370204300000000000
00000000000000380204380000000000
00000000000000390214280000000000
000000000000003a0214300000000000
000000000000003b0214380000000000
000000000000003c0214400000000000
000000000000003d0300000000000004
000000000000003e0204280000000000
000000000000003f0204300000000000
00000000000000400204380000000000
00000000000000410204400000000000
00000000000000420214300000000000
00000000000000430214380000000000
00000000000000440214400000000000
00000000000000450214480000000000
00000000000000460300000000000004
00000000000000470204300000000000
00000000000000480204380000000000
00000000000000490204400000000000
000000000000004a0204480000000000
000000000000004b0214380000000000
000000000000004c0214400000000000
000000000000004d0214480000000000
000000000000004e0214500000000000
000000000000004f0300000000000004
00000000000000500204380000000000
00000000000000510204400000000000
00000000000000520204480000000000
00000000000000530204500000000000
00000000000000540214400000000000
00000000000000550214480000000000
00000000000000560214500000000000
00000000000000570214580000000000
00000000000000580300000000000004
00000000000000590204400000000000
000000000000005a0204480000000000
000000000000005b0204500000000000
000000000000005c0204580000000000
000000000000005d0214480000000000
000000000000005e0214500000000000
000000000000005f0214580000000000
00000000000000600214600000000000
00000000000000610300000000000004
00000000000000620204480000000000
00000000000000630204500000000000
00000000000000640204580000000000
00000000000000650204600000000000
00000000000000660214500000000000
00000000000000670214580000000000
00000000000000680214600000000000
00000000000000690214680000000000
000000000000006a0300000000000004
000000000000006b0204500000000000
000000000000006c0204580000000000
000000000000006d0204600000000000
000000000000006e0204680000000000
000000000000006f0214580000000000
00000000000000700214600000000000
00000000000000710214680000000000
00000000000000720214700000000000
00000000000000730300000000000004
00000000000000740204580000000000
00000000000000750204600000000000
00000000000000760204680000000000
00000000000000770204700000000000
00000000000000780214600000000000
00000000000000790214680000000000
000000000000007a0214700000000000
000000000000007b0214780000000000
000000000000007c0300000000000004
000000000000007d0204600000000000
000000000000007e0204680000000000
000000000000007f0204700000000000
00000000000000800204780000000000
00000000000000810214680000000000
00000000000000820214700000000000
00000000000000830214780000000000
00000000000000840214800000000000
00000000000000850300000000000004
00000000000000860204680000000000
00000000000000870204700000000000
00000000000000880204780000000000
00000000000000890204800000000000
000000000000008a0214700000000000
000000000000008b0214780000000000
000000000000008c0214800000000000
000000000000008d0214880000000000
000000000000008e0300000000000004
000000000000008f0204700000000000
00000000000000900204780000000000
00000000000000910204800000000000
00000000000000920204880000000000
00000000000000930214780000000000
00000000000000940214800000000000
00000000000000950214880000000000
00000000000000960214900000000000
00000000000000970300000000000004
0000000000000098ff00000000000000
